"","C_CA003_18","C_IA004_18","C_IA005_18","C_IA006_18","C_IA007_18","C_IA008_18","C_IA011_18","C_IA009_18","C_IA014_18","C_IA013_18","C_IA016_18","C_IA018_18","C_IA017_18","C_IA019_18","C_IA020_18","C_IA023_18","C_IA055_18","C_IA027_18","C_IA025_18","C_IA024_18","C_IA029_18","C_IA058_18","C_IA059_18","C_IA050_18","C_IA051_18","C_IA052_18","C_IA054_18","C_IA040_18","C_IA042_18","C_IA043_18","C_IA044_18","C_IA030_18","C_IA031_18","C_IA034_18","C_IA035_18","C_IA036_18","C_IA038_18","C_IA039_18","C_IA045_18","C_IA046_18","C_IA047_18","C_IA048_18","C_IA063_18","C_IA049_18","C_IA068_18","C_IA069_18","C_IA070_18","C_IA078_18","C_IA065_18","C_IA066_18","C_IA076_18","C_IA077_18","C_IA075_18","C_IA062_18","C_IA082_18","C_IA084_18","C_IA083_18","C_IA080_18","C_IA086_18","C_IA064_18","C_IA085_18","C_IA087_18","C_IA092_18","C_IA091_18","C_IA090_18","C_IA060_18","C_IA099_18","C_IA104_18"
"C_CA003_18",0.00061460435556319,0.627526278796578,0.000587484780314967,0.000390214833477413,0.627526498183192,0.0121133325504699,6.8762948706717e-06,0.578450583648999,6.87583331948849e-06,0.627526498183192,0.578450532608862,0.627526053658883,0.602099374056493,0.627730823097874,0.0118844031575439,0.829415569016554,0.627525959746152,5.39455781014254e-05,0.627729871988483,0.627526164496434,0.422567860169199,0.627526795750144,0.627526741921918,0.627526795750144,0.627526179480394,0.627527065547331,0.627526184063947,0.627527065547331,0.62752271787559,0.629352757856611,0.627527065547331,0.627528249161647,0.627548801916402,0.627528697911403,0.627528697911403,0.627528697911403,0.627526203482763,0.627529115618576,0.627528592311337,0.627526184703465,0.627526197991337,0.627534539867747,0.6275270653446,0.627095837420898,0.627527065547331,0.627527065547331,0.627527065547331,0.627528218539673,0.627526183725235,0.627526208965663,0.627536567910585,0.627526795750144,0.627527065547331,0.627526421818415,0.627527928653261,0.627526374346967,0.627526795750629,0.627490292537964,0.62754711653913,0.627527065547331,0.627534540157759,0.627528697911403,0.627527065547331,0.627527065547331,0.627526193779045,0.627544504823144,0.627528697922009,0.627527065547331
"C_IA004_18",0.627526278796578,0.0147077778015382,0.627526185544452,0.627530162355334,0.619050443195268,0.627526184070824,0.62752621408906,0.627526186287447,0.62752621408906,0.619050443195268,0.627526184070824,0.619050443195268,0.62752618380175,0.627507400780665,0.627526189228206,0.619793556933459,0.628435744300003,0.62755988024013,0.707660023412316,0.604879284124321,0.630565668160339,0.619510232358186,0.648958393727102,0.619510232358186,0.627465872485796,0.619760105714103,0.00273283828296075,0.619760105714103,0.619073681845281,0.627967532773253,0.619760105714103,0.48759945724765,0.627889425053883,0.619760105714103,0.619760105714103,0.619760105714103,0.486188171057507,0.619760105714103,0.48759945724765,0.00273317338847617,0.628435744300003,0.619760105714103,0.627918384176695,0.633397255605152,0.619760105714103,0.619760105714103,0.619760105714103,0.619510232358186,0.210808509478015,0.00273287703666905,0.627937737868975,0.619510232358186,0.619760105714103,0.62759356459487,0.627650945018727,0.00353083828404544,0.627650945018727,0.624909158883102,0.619943321192809,0.619760105714103,0.627752496697992,0.619760105714103,0.619760105714103,0.619760105714103,0.0147077778015382,0.637475893381978,0.627752496697992,0.619760105714103
"C_IA005_18",0.000587484780314967,0.627526185544452,0.000594416308692497,1.70592467110764e-05,0.627531860679825,0.0122535580975767,6.96638734779735e-06,0.0122535581989546,6.96638734779735e-06,0.627531860679825,0.0122535580975767,0.627531860679825,0.348570528619615,0.171152885119894,1.72103825122443e-07,0.147096293906992,0.627546770480268,5.39034479504123e-05,0.627729871988483,0.627526065756728,0.638660568028676,0.627533063248079,0.627574327965701,0.627533063248079,0.627526423975803,0.627536096907086,0.627526185544452,0.627536096907086,0.627537569853817,0.632081958533366,0.627536096907086,0.627534327237258,0.627555160832555,0.627536096907086,0.627536096907086,0.627536096907086,0.627532448122292,0.627536096907086,0.627534327237258,0.627526189111765,0.627546770480268,0.627536096907086,0.627536833603034,0.67312623944849,0.627536096907086,0.627536096907086,0.627536096907086,0.627533063248079,0.627526294680422,0.627526187952645,0.627536836749908,0.627533063248079,0.627536096907086,0.62752709973677,0.627533603212759,0.627526215227884,0.627533603212759,0.627526226422213,0.627551054086266,0.627536096907086,0.627536874798938,0.627536096907086,0.627536096907086,0.627536096907086,0.627526185544452,0.627578395498318,0.627536874798938,0.627536096907086
"C_IA006_18",0.000390214833477413,0.627530162355334,1.70592467110764e-05,0.313763198538513,0.627768206871504,0.000373757505204974,0.627300097615069,0.000373758418132389,0.627300097615069,0.627768206871504,0.000373757444777837,0.627768206871504,0,0.601834360934705,0.627300102769065,0.345337319521926,0.628313418584785,0.627300097827583,0.628632355868239,0.627643116937453,0.86138669774923,0.627767505820375,0.627617890399871,0.627767505820375,0.627617404924939,0.627873845278333,0.62752957067811,0.627873845278333,0.627743403410038,0.835027786623255,0.627873845278333,0.627861669241682,0.628632355868239,0.627934515082339,0.627934515082339,0.627934515082339,0.627626692438367,0.627873845278333,0.627811816943724,0.62752957067811,0.628313418584785,0.627934515082339,0.627873845278333,0.9204718021192,0.627873845278333,0.627873845278333,0.627873845278333,0.627767505820375,0.627611098106863,0.627534665989032,0.627934515082339,0.627767505820375,0.627873845278333,0.627873845278333,0.627809628887043,0.627547388050526,0.627767505820375,0.627615805531631,0.628550502129983,0.627873845278333,0.627934515082339,0.627934515082339,0.627873845278333,0.627873845278333,0.62752957067811,0.627767505820375,0.627934515082339,0.627873845278333
"C_IA007_18",0.627526498183192,0.619050443195268,0.627531860679825,0.627768206871504,0.0371819579099351,0.627528681723331,0.627623043510172,0.627529111000357,0.627555379547772,0.0371819579099351,0.627528681723331,0.0371819579099351,0.6275262005587,0.627745183712173,0.627528777332182,0.815601845631637,0.0237643828490853,0.628402650961108,0.299045003257058,0.041908487730115,0.0533734992580919,0.476818467525088,0.241764619665216,0.476818467525088,0.450346151353265,0.479482004121334,0.618962113906028,0.479482004121334,0.0371863079221774,0.538287630724121,0.479482004121334,0.477930460342862,0.52567076863643,0.479482004121334,0.479482004121334,0.479482004121334,0.0371856622822499,0.479482004121334,0.477930460342862,0.626384893594517,0.0237643828490853,0.479482004121334,0.0562606484040128,0.0627352414314917,0.479482004121334,0.479482004121334,0.479482004121334,0.476818467525088,0.486157075869054,0.619074630325536,0.0242889682605921,0.476818467525088,0.479482004121334,0.452396144235241,0.485574784726023,0.609687780467244,0.485574784726023,0.00361949852259914,0.481424762299821,0.479482004121334,0.488256546838523,0.479482004121334,0.479482004121334,0.479482004121334,0.619050443195268,0.217591022845441,0.488256546838523,0.479482004121334
"C_IA008_18",0.0121133325504699,0.627526184070824,0.0122535580975767,0.000373757505204974,0.627528681723331,0.000594416305311715,0.000162202652787346,0.000594416307450986,0.000162202652787346,0.627528681723331,0.000594416305311715,0.627528681723331,0.604466588037112,0.0110203714396946,1.97118072760352e-05,0.147096293906992,0.627534984258052,5.39034479504123e-05,0.627613309501485,0.627526065756728,0.638660568028676,0.627529120373523,0.627546740202758,0.627529120373523,0.627526286266239,0.627530414971185,0.627526184070824,0.627530414971185,0.627532426227443,0.629492962666192,0.627530414971185,0.627534327237258,0.627538563650595,0.627530414971185,0.627530414971185,0.627530414971185,0.627532448122292,0.627530414971185,0.627534327237258,0.627526185869423,0.627534984258052,0.627530414971185,0.627530744885809,0.67312623944849,0.627530414971185,0.627530414971185,0.627530414971185,0.627529120373523,0.627526231251,0.62752617768576,0.627530745035818,0.627529120373523,0.627530414971185,0.627526574639476,0.627529350716093,0.627526215227884,0.627529350716093,0.627526226422213,0.62753681254952,0.627530414971185,0.627530746849576,0.627530414971185,0.627530414971185,0.627530414971185,0.627526184070824,0.627548476133016,0.627530746849576,0.627530414971185
"C_IA011_18",6.8762948706717e-06,0.62752621408906,6.96638734779735e-06,0.627300097615069,0.627623043510172,0.000162202652787346,0.0780554402853934,0.000162202658347668,0.0780554402853934,0.627623043510172,0.000162202652787346,0.627623043510172,0.000460338843757206,0.171152885119894,0.0110202157260929,0.147096293906992,0.627868765549056,0.313764858992458,0.630901549538116,0.627526688068104,0.638660568028676,0.627640564823747,0.628325972398911,0.627640564823747,0.627530178092442,0.627690978317627,0.62752621408906,0.627690978317627,0.627761158875974,0.632081958533366,0.627690978317627,0.627661570783165,0.628008041532273,0.627690978317627,0.627690978317627,0.627690978317627,0.627638971848379,0.627690978317627,0.627661570783165,0.627526273235,0.627868765549056,0.627690978317627,0.627703733144644,0.67312623944849,0.627690978317627,0.627690978317627,0.627690978317627,0.627640564823747,0.627528033870509,0.627526258655187,0.627703745994372,0.627640564823747,0.627690978317627,0.627541412295078,0.627649535764905,0.627526748171015,0.627649535764905,0.627527000126425,0.627939907670264,0.627690978317627,0.627703901361198,0.627690978317627,0.627690978317627,0.627690978317627,0.62752621408906,0.628393426375856,0.627703901361198,0.627690978317627
"C_IA009_18",0.578450583648999,0.627526186287447,0.0122535581989546,0.000373758418132389,0.627529111000357,0.000594416307450986,0.000162202658347668,0.000594416306726145,0.000162202658347528,0.627529111000357,0.000594416306726145,0.627527066615392,0.604466584470221,0.0110208141473793,1.9711811093784e-05,0.151404743805615,0.627536491210296,5.39048668537625e-05,0.627586648226911,0.627526079217198,0.647619336706535,0.627528386189094,0.627528723429856,0.627528386189094,0.627526253200998,0.627528386189094,0.627526185536258,0.627528386189094,0.627526976115756,0.629828747575062,0.627528386189094,0.627533357510565,0.627534775461506,0.627528770762104,0.627528770762104,0.627528770762104,0.627528668985701,0.627528683831637,0.627533116388867,0.627526190179522,0.627535263919963,0.627529120373523,0.627528556985314,0.632135123950514,0.627528386189094,0.627528386189094,0.627528386189094,0.627528683831637,0.627526200935906,0.627526181367526,0.627529348902335,0.627528386189094,0.627528386189094,0.627526387213136,0.627528973684431,0.627526279843727,0.62752855894908,0.627526235187007,0.627533560048564,0.627528386189094,0.627529350716093,0.627528770762104,0.627528386189094,0.627528386189094,0.627526185536258,0.627545162300491,0.627528973684431,0.627528386189094
"C_IA014_18",6.87583331948849e-06,0.62752621408906,6.96638734779735e-06,0.627300097615069,0.627555379547772,0.000162202652787346,0.0780554402853934,0.000162202658347528,0.0780554402853934,0.627555379547772,0.000162202652787346,0.627555379547772,0.000460338843757206,0.171152885119894,0.011020215726093,0.147096293906992,0.627631351220968,0.313764858992458,0.628565576376275,0.627526688068104,0.599537151605184,0.627561319551396,0.627772017001225,0.627561319551396,0.627527410722043,0.627576811351477,0.62752621408906,0.627576811351477,0.627588064510044,0.628906599952613,0.627576811351477,0.627567774362043,0.627674185131561,0.627576811351477,0.627576811351477,0.627576811351477,0.627558882804234,0.627576811351477,0.627567774362043,0.627526273235,0.627631351220968,0.627576811351477,0.627580615221822,0.611980167805384,0.627576811351477,0.627576811351477,0.627576811351477,0.627561319551396,0.627526750818458,0.627526258655187,0.627580628071551,0.627561319551396,0.627576811351477,0.627530861942336,0.627564076774283,0.627526748171015,0.627564076774283,0.627527000126425,0.627653222575433,0.627576811351477,0.627580783438388,0.627576811351477,0.627576811351477,0.627576811351477,0.62752621408906,0.627792777058031,0.627580783438388,0.627576811351477
"C_IA013_18",0.627526498183192,0.619050443195268,0.627531860679825,0.627768206871504,0.0371819579099351,0.627528681723331,0.627623043510172,0.627529111000357,0.627555379547772,0.0371819579099351,0.627528681723331,0.0371819579099351,0.6275262005587,0.627745183712173,0.627528777332182,0.815601845631637,0.0237643828490853,0.628402650961108,0.299045003257058,0.041908487730115,0.0533734992580919,0.476818467525088,0.241764619665216,0.476818467525088,0.450346151353265,0.479482004121334,0.618962113906028,0.479482004121334,0.0371863079221774,0.538287630724121,0.479482004121334,0.477930460342862,0.52567076863643,0.479482004121334,0.479482004121334,0.479482004121334,0.0371856622822499,0.479482004121334,0.477930460342862,0.626384893594517,0.0237643828490853,0.479482004121334,0.0562606484040128,0.0627352414314917,0.479482004121334,0.479482004121334,0.479482004121334,0.476818467525088,0.486157075869054,0.619074630325536,0.0242889682605921,0.476818467525088,0.479482004121334,0.452396144235241,0.485574784726023,0.609687780467244,0.485574784726023,0.00361949852259914,0.481424762299821,0.479482004121334,0.488256546838523,0.479482004121334,0.479482004121334,0.479482004121334,0.619050443195268,0.217591022845441,0.488256546838523,0.479482004121334
"C_IA016_18",0.578450532608862,0.627526184070824,0.0122535580975767,0.000373757444777837,0.627528681723331,0.000594416305311715,0.000162202652787346,0.000594416306726145,0.000162202652787346,0.627528681723331,0.000594416305121517,0.62752693750992,0.604466580703864,0.0110203714396946,1.97118072760352e-05,0.146877940759043,0.627534984258052,5.39034479504123e-05,0.627613309501485,0.627526065756728,0.638660568028676,0.627528386189094,0.627528352191251,0.627528386189094,0.627526209987696,0.627529357140113,0.627526183873791,0.627529357140113,0.627526860247246,0.629492962666192,0.627529357140113,0.627533357510565,0.627538563650595,0.627529911242548,0.627529911242548,0.627529911242548,0.627528301095216,0.627529785990977,0.627533116388867,0.627526185289914,0.627533936361982,0.627530414971185,0.62752960408865,0.652449986572049,0.627529357140113,0.627529357140113,0.627529357140113,0.627528683831637,0.627526198421407,0.627526177190732,0.627530745035818,0.627528386189094,0.627529357140113,0.62752647691302,0.627528973684431,0.627526206540039,0.62752855894908,0.627526226422213,0.62753681254952,0.627529357140113,0.627530746849576,0.627529911242548,0.627529357140113,0.627529357140113,0.627526183873791,0.627545162300491,0.62753020361335,0.627529357140113
"C_IA018_18",0.627526053658883,0.619050443195268,0.627531860679825,0.627768206871504,0.0371819579099351,0.627528681723331,0.627623043510172,0.627527066615392,0.627555379547772,0.0371819579099351,0.62752693750992,0.0371641903294705,0.627526189002465,0.627745183712173,0.627528777332182,0.706951871988019,0.0237643828490853,0.628402650961108,0.299045003257058,0.041908487730115,0.0533734992580919,0.621941597783613,0.235638747921042,0.621941597783613,0.450087048812403,0.622805763572892,0.627213927187258,0.622805763572892,0.0371647082048106,0.538287630724121,0.622805763572892,0.622301942681446,0.52567076863643,0.622805763572892,0.622805763572892,0.622805763572892,0.396977737533387,0.479482004121334,0.477930460342862,0.627499468779783,0.323933310822361,0.479482004121334,0.456332334279342,0.465106266368379,0.622805763572892,0.622805763572892,0.622805763572892,0.476818467525088,0.620935961739037,0.62724777832631,0.0242889682605921,0.621941597783613,0.622805763572892,0.619372336768781,0.622484853798747,0.627137553735397,0.622484853798747,0.00361949852259914,0.481424762299821,0.622805763572892,0.488256546838523,0.622805763572892,0.622805763572892,0.622805763572892,0.627240500802146,0.217591022845441,0.623349031226562,0.622805763572892
"C_IA017_18",0.602099374056493,0.62752618380175,0.348570528619615,0,0.6275262005587,0.604466588037112,0.000460338843757206,0.604466584470221,0.000460338843757206,0.6275262005587,0.604466580703864,0.627526189002465,0.00089960980662034,0.62761668498535,0.0358519542562782,0.702068872002501,0.627526185767245,1.66252997869863e-06,0.627556094160926,0.627526183716433,0.634603957571459,0.627526244765416,0.627526696756208,0.627526244765416,0.627526187410846,0.627526272233024,0.627526183736536,0.627526272233024,0.627526188464105,0.629417636044288,0.627526272233024,0.627526269087467,0.62752650851832,0.627526287908279,0.627526287908279,0.627526287908279,0.627526185553811,0.627526284364978,0.627526266176568,0.627526183746323,0.627526185525263,0.627526302158509,0.627526318398709,0.628287146194762,0.627526272233024,0.627526272233024,0.627526272233024,0.627526253185532,0.627526183783149,0.627526183860742,0.627526262314987,0.627526244765416,0.627526272233024,0.627526243029951,0.627526256922198,0.62752618531251,0.627526246042874,0.627526183770277,0.627526461776998,0.627526272233024,0.627526303435967,0.627526287908279,0.627526272233024,0.627526272233024,0.627526183785035,0.627532710678472,0.627526289185736,0.627526272233024
"C_IA019_18",0.627730823097874,0.627507400780665,0.171152885119894,0.601834360934705,0.627745183712173,0.0110203714396946,0.171152885119894,0.0110208141473793,0.171152885119894,0.627745183712173,0.0110203714396946,0.627745183712173,0.62761668498535,0.313766079621967,0.599030859625615,0.317121430193378,0.628864624286794,0.319714414220279,0.93446559387438,0.151476655501766,0.628663445802653,0.62824819000978,0.75485101044241,0.62824819000978,0.627584799955482,0.62857137687656,0.627507400780665,0.62857137687656,0.627745183712173,0.627658786506531,0.62857137687656,0.629299669122403,0.62860173970153,0.62857137687656,0.62857137687656,0.62857137687656,0.627547644794537,0.62857137687656,0.629299669122403,0.627508346501185,0.628864624286794,0.62857137687656,0.628170218692382,0.629445479494075,0.62857137687656,0.62857137687656,0.62857137687656,0.62824819000978,0.62755464955958,0.627185429156079,0.628220659141399,0.62824819000978,0.62857137687656,0.62775002162326,0.627824260093243,0.627207404690532,0.627824260093243,0.627498185198261,0.629956986476086,0.62857137687656,0.627955637296757,0.62857137687656,0.62857137687656,0.62857137687656,0.627507400780665,0.771813113681808,0.627955637296757,0.62857137687656
"C_IA020_18",0.0118844031575439,0.627526189228206,1.72103825122443e-07,0.627300102769065,0.627528777332182,1.97118072760352e-05,0.0110202157260929,1.9711811093784e-05,0.011020215726093,0.627528777332182,1.97118072760352e-05,0.627528777332182,0.0358519542562782,0.599030859625615,0.31376272535652,0.317121430193378,0.627541585381112,0.313774525766512,0.630901549538116,0.627416216930204,0.630318616557611,0.627534610330103,0.629529973671061,0.627534610330103,0.627526858345277,0.627538331504375,0.627526189228206,0.627538331504375,0.627532676210564,0.62825100070736,0.627538331504375,0.627536160776942,0.627531514265203,0.627538331504375,0.627538331504375,0.627538331504375,0.62752706186175,0.627538331504375,0.627536160776942,0.62752619999385,0.627541585381112,0.627538331504375,0.627533587294973,0.632268978888012,0.627538331504375,0.627538331504375,0.627538331504375,0.627534610330103,0.627526520024558,0.627526189228206,0.627534167939531,0.627534610330103,0.627538331504375,0.627528756187044,0.627529609259419,0.627526224523933,0.627529609259419,0.627526208649076,0.627538331504375,0.627538331504375,0.627531119400836,0.627538331504375,0.627538331504375,0.627538331504375,0.627526189228206,0.629698766629544,0.627531119400836,0.627538331504375
"C_IA023_18",0.829415569016554,0.619793556933459,0.147096293906992,0.345337319521926,0.815601845631637,0.147096293906992,0.147096293906992,0.151404743805615,0.147096293906992,0.815601845631637,0.146877940759043,0.706951871988019,0.702068872002501,0.317121430193378,0.317121430193378,0.316722837475745,1,0.345337319521926,0.881606322174574,0.164419045701059,0.815601845631637,0.820032681157304,0.828445451026462,0.820032681157304,0.664992761957594,0.874904145276652,0.618440700118636,0.874904145276652,0.706951871988019,0.815601845631637,0.874904145276652,0.820032681157304,0.894965271046318,0.874904145276652,0.874904145276652,0.874904145276652,0.798164921590216,0.894965271046318,0.838465684662363,0.618440700118636,0.980180623141258,0.894965271046318,0.874904145276652,0.874904145276653,0.874904145276652,0.874904145276652,0.874904145276652,0.838465684662363,0.798164921590216,0.618440700118636,0.894965271046318,0.820032681157304,0.874904145276652,0.874904145276652,0.820032681157304,0.618440700118636,0.820032681157304,0.644377593721512,0.894965271046318,0.874904145276652,0.894965271046318,0.874904145276652,0.874904145276652,0.874904145276652,0.618440700118636,0.797077254556422,0.874904145276652,0.874904145276652
"C_IA055_18",0.627525959746152,0.628435744300003,0.627546770480268,0.628313418584785,0.0237643828490853,0.627534984258052,0.627868765549056,0.627536491210296,0.627631351220968,0.0237643828490853,0.627534984258052,0.0237643828490853,0.627526185767245,0.628864624286794,0.627541585381112,1,0.188306348018405,0.630370563448997,0.417917339082319,0.145784598239186,0.334095511026556,0.0254022294400321,0.257116248139169,0.0254022294400321,0.617004052613943,0.026281283238874,0.627587675663908,0.026281283238874,0.0238421988739129,0.62590188613477,0.026281283238874,0.0257686433664627,0.099235099367611,0.026281283238874,0.026281283238874,0.026281283238874,0.00705160516545781,0.026281283238874,0.0257686433664627,0.627581529522188,0.188306348018405,0.026281283238874,0.110461863311932,0.316990294527594,0.026281283238874,0.026281283238874,0.026281283238874,0.0254022294400321,0.62541881743858,0.628667611504647,0.207982679213337,0.0254022294400321,0.026281283238874,0.621734207842651,0.0694734936583048,0.631420639125836,0.0694734936583048,0.606734995817216,0.0269254753399467,0.026281283238874,0.0717885663138121,0.026281283238874,0.026281283238874,0.026281283238874,0.628435744300003,0.278169126353298,0.0717885663138121,0.026281283238874
"C_IA027_18",5.39455781014254e-05,0.62755988024013,5.39034479504123e-05,0.627300097827583,0.628402650961108,5.39034479504123e-05,0.313764858992458,5.39048668537625e-05,0.313764858992458,0.628402650961108,5.39034479504123e-05,0.628402650961108,1.66252997869863e-06,0.319714414220279,0.313774525766512,0.345337319521926,0.630370563448997,0.313764858992458,0.63151793859736,0.627884154002948,0.86138669774923,0.628552476213112,0.628472671679311,0.628552476213112,0.627914367004548,0.629003881357588,0.62755988024013,0.629003881357588,0.629762352236216,0.86138669774923,0.629003881357588,0.628552476213112,0.63151793859736,0.629003881357588,0.629003881357588,0.629003881357588,0.628402650961108,0.629003881357588,0.628552476213112,0.62755988024013,0.630370563448997,0.629003881357588,0.629003881357588,0.947030015173191,0.629003881357588,0.629003881357588,0.629003881357588,0.628552476213112,0.628402650961108,0.627609097797653,0.629003881357588,0.628552476213112,0.629003881357588,0.629003881357588,0.628552476213112,0.627602806811425,0.628552476213112,0.627800568471971,0.631223847200985,0.629003881357588,0.629003881357588,0.629003881357588,0.629003881357588,0.629003881357588,0.62755988024013,0.628552476213112,0.629003881357588,0.629003881357588
"C_IA025_18",0.627729871988483,0.707660023412316,0.627729871988483,0.628632355868239,0.299045003257058,0.627613309501485,0.630901549538116,0.627586648226911,0.628565576376275,0.299045003257058,0.627613309501485,0.299045003257058,0.627556094160926,0.93446559387438,0.630901549538116,0.881606322174574,0.417917339082319,0.63151793859736,0.339030231812741,0.701417341729514,0.61345908657965,0.280266272978328,0.391318739276425,0.280266272978328,0.255439819125826,0.255439819125826,0.619692736144195,0.255439819125826,0.311854261937233,0.580113583531385,0.255439819125826,0.288179429484312,0.339030231812741,0.255439819125826,0.255439819125826,0.255439819125826,0.309974809086449,0.255439819125826,0.288179429484312,0.619692736144195,0.417917339082319,0.255439819125826,0.255439819125826,0.431884766106427,0.255439819125826,0.255439819125826,0.255439819125826,0.280266272978328,0.299045003257058,0.707660023412316,0.255439819125826,0.280266272978328,0.255439819125826,0.255439819125826,0.280266272978328,0.736423686192511,0.280266272978328,0.444633122899516,0.255439819125826,0.255439819125826,0.255439819125826,0.255439819125826,0.255439819125826,0.255439819125826,0.707660023412316,0.280266272978328,0.255439819125826,0.255439819125826
"C_IA024_18",0.627526164496434,0.604879284124321,0.627526065756728,0.627643116937453,0.041908487730115,0.627526065756728,0.627526688068104,0.627526079217198,0.627526688068104,0.041908487730115,0.627526065756728,0.041908487730115,0.627526183716433,0.151476655501766,0.627416216930204,0.164419045701059,0.145784598239186,0.627884154002948,0.701417341729514,0.0360115755141485,0.418232199512985,0.610749950817015,0.458244551806857,0.610749950817015,0.628293376445714,0.641982069418538,0.604687770299934,0.641982069418538,0.0432574180572284,0.6510364709821,0.641982069418538,0.610749950817015,0.712605451355538,0.641982069418538,0.641982069418538,0.641982069418538,0.0126229524878946,0.641982069418538,0.610749950817015,0.618069504268028,0.145784598239186,0.641982069418538,0.19172398010277,0.284071671024631,0.641982069418538,0.641982069418538,0.641982069418538,0.610749950817015,0.604878671981376,0.604923718283842,0.202696032863843,0.610749950817015,0.641982069418538,0.638699856751513,0.625040490711338,0.620878822777817,0.625040490711338,0.603387732131519,0.663038365228667,0.641982069418538,0.657996083622077,0.641982069418538,0.641982069418538,0.641982069418538,0.604879284124321,0.467539205711975,0.657996083622077,0.641982069418538
"C_IA029_18",0.422567860169199,0.630565668160339,0.638660568028676,0.86138669774923,0.0533734992580919,0.638660568028676,0.638660568028676,0.647619336706535,0.599537151605184,0.0533734992580919,0.638660568028676,0.0533734992580919,0.634603957571459,0.628663445802653,0.630318616557611,0.815601845631637,0.334095511026556,0.86138669774923,0.61345908657965,0.418232199512985,0.32010382811292,0.0594778315041288,0.356655522677279,0.0594778315041288,0.623852012167826,0.0627352414314917,0.627155812226412,0.0627352414314917,0.0533734992580918,0.623852012167826,0.0627352414314917,0.0594778315041288,0.162258167667611,0.0627352414314917,0.0627352414314917,0.0627352414314917,0.0163479878531475,0.0627352414314917,0.0594778315041288,0.62195294229713,0.334095511026556,0.0627352414314917,0.225014249577066,0.36215020638504,0.0627352414314917,0.0627352414314917,0.0627352414314917,0.0594778315041288,0.627284915742585,0.631493100226721,0.362150206385039,0.0594778315041288,0.0627352414314917,0.631960596178398,0.149268147577808,0.649637865646412,0.149268147577808,0.625210935051795,0.0651140444097941,0.0627352414314917,0.15679809660638,0.0627352414314917,0.0627352414314917,0.0627352414314917,0.630565668160339,0.510809149376354,0.15679809660638,0.0627352414314917
"C_IA058_18",0.627526795750144,0.619510232358186,0.627533063248079,0.627767505820375,0.476818467525088,0.627529120373523,0.627640564823747,0.627528386189094,0.627561319551396,0.476818467525088,0.627528386189094,0.621941597783613,0.627526244765416,0.62824819000978,0.627534610330103,0.820032681157304,0.0254022294400321,0.628552476213112,0.280266272978328,0.610749950817015,0.0594778315041288,0.0375391530731318,0.632444239727015,0.0375391530731318,0.355915243148902,0.0375391530731318,0.619368438779724,0.0375391530731318,0.628018392086832,0.0300606407253715,0.0375391530731318,0.037686392307885,0.0552465046296459,0.0376050180129185,0.0376050180129185,0.0376050180129185,0.365008478383885,0.0375901302469562,0.0376687723704039,0.627578534962971,0.0251646222388474,0.0376648890472237,0.0555057239487303,0.0576225934994736,0.0375391530731318,0.0375391530731318,0.0375391530731318,0.0375901302469562,0.619425138745759,0.619463939369961,0.0240181806398824,0.0375391530731318,0.0375391530731318,0.0125482865878293,0.0403659166185702,0.612838782753018,0.0402953761395422,0.481888711516957,0.037777772691564,0.0375391530731318,0.0404300372179478,0.0376050180129185,0.0375391530731318,0.0375391530731318,0.619368438779724,0.213333098045933,0.0403659166185702,0.0375391530731318
"C_IA059_18",0.627526741921918,0.648958393727102,0.627574327965701,0.627617890399871,0.241764619665216,0.627546740202758,0.628325972398911,0.627528723429856,0.627772017001225,0.241764619665216,0.627528352191251,0.235638747921042,0.627526696756208,0.75485101044241,0.629529973671061,0.828445451026462,0.257116248139169,0.628472671679311,0.391318739276425,0.458244551806857,0.356655522677279,0.632444239727015,0.313915538798864,0.632444239727015,0.124088948562535,0.635338156173945,0.628880339033258,0.635338156173945,0.234955965719675,0.350257791875207,0.635338156173945,0.613269636490403,0.391318739276425,0.617840704759628,0.617840704759628,0.617840704759628,0.591961718522305,0.613649322761981,0.608385554412962,0.628880339033258,0.60240669935203,0.287880389630627,0.635338156173945,0.673224217704423,0.635338156173945,0.635338156173945,0.635338156173945,0.604572715395423,0.593021254901378,0.637077321262712,0.287880389630627,0.632444239727015,0.635338156173945,0.635338156173945,0.609964404610701,0.642072636615574,0.632444239727015,0.332155171972163,0.299045003257058,0.635338156173945,0.287880389630627,0.617840704759628,0.635338156173945,0.635338156173945,0.635333170440961,0.604572715395423,0.617840704759628,0.635338156173945
"C_IA050_18",0.627526795750144,0.619510232358186,0.627533063248079,0.627767505820375,0.476818467525088,0.627529120373523,0.627640564823747,0.627528386189094,0.627561319551396,0.476818467525088,0.627528386189094,0.621941597783613,0.627526244765416,0.62824819000978,0.627534610330103,0.820032681157304,0.0254022294400321,0.628552476213112,0.280266272978328,0.610749950817015,0.0594778315041288,0.0375391530731318,0.632444239727015,0.0375391530731318,0.355915243148902,0.0375391530731318,0.619368438779724,0.0375391530731318,0.628018392086832,0.0300606407253715,0.0375391530731318,0.037686392307885,0.0552465046296459,0.0376050180129185,0.0376050180129185,0.0376050180129185,0.365008478383885,0.0375901302469562,0.0376687723704039,0.627578534962971,0.0251646222388474,0.0376648890472237,0.0555057239487303,0.0576225934994736,0.0375391530731318,0.0375391530731318,0.0375391530731318,0.0375901302469562,0.619425138745759,0.619463939369961,0.0240181806398824,0.0375391530731318,0.0375391530731318,0.0125482865878293,0.0403659166185702,0.612838782753018,0.0402953761395422,0.481888711516957,0.037777772691564,0.0375391530731318,0.0404300372179478,0.0376050180129185,0.0375391530731318,0.0375391530731318,0.619368438779724,0.213333098045933,0.0403659166185702,0.0375391530731318
"C_IA051_18",0.627526179480394,0.627465872485796,0.627526423975803,0.627617404924939,0.450346151353265,0.627526286266239,0.627530178092442,0.627526253200998,0.627527410722043,0.450346151353265,0.627526209987696,0.450087048812403,0.627526187410846,0.627584799955482,0.627526858345277,0.664992761957594,0.617004052613943,0.627914367004548,0.255439819125826,0.628293376445714,0.623852012167826,0.355915243148902,0.124088948562535,0.355915243148902,0.167760406528249,0.355408893556875,0.627526641661979,0.355408893556875,0.320621942779568,0.316565477743635,0.355408893556875,0.224137093094711,0.048390622128137,0.223566932123216,0.223566932123216,0.223566932123216,0.0385839823663363,0.0286823598691412,0.0289278078718517,0.627527010897952,0.627314716067572,0.0124955396889599,0.622013196242265,0.628190856540978,0.355408893556875,0.355408893556875,0.355408893556875,0.0288669813853154,0.627330321178739,0.627538783725852,0.616836322375092,0.355915243148902,0.355408893556875,0.60611742811285,0.389493838431815,0.627589992858126,0.498713378960974,0.625142131521413,0.0125125914212248,0.355408893556875,0.0353893149857587,0.223566932123216,0.355408893556875,0.355408893556875,0.627536173280127,0.351937067143601,0.388867562433427,0.355408893556875
"C_IA052_18",0.627527065547331,0.619760105714103,0.627536096907086,0.627873845278333,0.479482004121334,0.627530414971185,0.627690978317627,0.627528386189094,0.627576811351477,0.479482004121334,0.627529357140113,0.622805763572892,0.627526272233024,0.62857137687656,0.627538331504375,0.874904145276652,0.026281283238874,0.629003881357588,0.255439819125826,0.641982069418538,0.0627352414314917,0.0375391530731318,0.635338156173945,0.0375391530731318,0.355408893556875,0.0373288479990702,0.619103649750475,0.0373288479990702,0.628388483029324,0.0308637390733625,0.0373288479990702,0.037686392307885,0.0547127767798528,0.0373580122847085,0.0373580122847085,0.0373580122847085,0.365587578694967,0.0373514199885315,0.0376687723704039,0.626801018624138,0.0259393919257941,0.0373845240594412,0.0550484445527445,0.0545074955408156,0.0373288479990702,0.0373288479990702,0.0373288479990702,0.0375901302469562,0.619480810086866,0.619693455692463,0.0236756312497031,0.0375391530731318,0.0373288479990702,0.0124765497090308,0.0403659166185702,0.614683863703157,0.0402953761395422,0.482871997148496,0.0374345145509212,0.0373288479990702,0.0401297683098079,0.0373580122847085,0.0373288479990702,0.0373288479990702,0.619555945846413,0.213333098045933,0.0401013738621424,0.0373288479990702
"C_IA054_18",0.627526184063947,0.00273283828296075,0.627526185544452,0.62752957067811,0.618962113906028,0.627526184070824,0.62752621408906,0.627526185536258,0.62752621408906,0.618962113906028,0.627526183873791,0.627213927187258,0.627526183736536,0.627507400780665,0.627526189228206,0.618440700118636,0.627587675663908,0.62755988024013,0.619692736144195,0.604687770299934,0.627155812226412,0.619368438779724,0.628880339033258,0.619368438779724,0.627526641661979,0.619103649750475,0.188258240423136,0.619103649750475,0.627514143312359,0.627568683433454,0.619103649750475,0.487422020613379,0.627565610723115,0.619131747545579,0.619131747545579,0.619131747545579,0.61930361223806,0.619125396418419,0.487377888496502,0.18826008355537,0.627565433493116,0.619157288841214,0.627518473411027,0.627789439969068,0.619103649750475,0.619103649750475,0.619103649750475,0.619425930287877,0.419044740969432,0.603309037336356,0.627541719499448,0.619368438779724,0.619103649750475,0.627454519560849,0.627623515003436,0.608617161921369,0.627593339216239,0.624906279868527,0.619205446845411,0.619103649750475,0.627507584357309,0.619131747545579,0.619103649750475,0.619103649750475,0.00273279512541925,0.62764596370067,0.627497213478621,0.619103649750475
"C_IA040_18",0.627527065547331,0.619760105714103,0.627536096907086,0.627873845278333,0.479482004121334,0.627530414971185,0.627690978317627,0.627528386189094,0.627576811351477,0.479482004121334,0.627529357140113,0.622805763572892,0.627526272233024,0.62857137687656,0.627538331504375,0.874904145276652,0.026281283238874,0.629003881357588,0.255439819125826,0.641982069418538,0.0627352414314917,0.0375391530731318,0.635338156173945,0.0375391530731318,0.355408893556875,0.0373288479990702,0.619103649750475,0.0373288479990702,0.628388483029324,0.0308637390733625,0.0373288479990702,0.037686392307885,0.0547127767798528,0.0373580122847085,0.0373580122847085,0.0373580122847085,0.365587578694967,0.0373514199885315,0.0376687723704039,0.626801018624138,0.0259393919257941,0.0373845240594412,0.0550484445527445,0.0545074955408156,0.0373288479990702,0.0373288479990702,0.0373288479990702,0.0375901302469562,0.619480810086866,0.619693455692463,0.0236756312497031,0.0375391530731318,0.0373288479990702,0.0124765497090308,0.0403659166185702,0.614683863703157,0.0402953761395422,0.482871997148496,0.0374345145509212,0.0373288479990702,0.0401297683098079,0.0373580122847085,0.0373288479990702,0.0373288479990702,0.619555945846413,0.213333098045933,0.0401013738621424,0.0373288479990702
"C_IA042_18",0.62752271787559,0.619073681845281,0.627537569853817,0.627743403410038,0.0371863079221774,0.627532426227443,0.627761158875974,0.627526976115756,0.627588064510044,0.0371863079221774,0.627526860247246,0.0371647082048106,0.627526188464105,0.627745183712173,0.627532676210564,0.706951871988019,0.0238421988739129,0.629762352236216,0.311854261937233,0.0432574180572284,0.0533734992580918,0.628018392086832,0.234955965719675,0.628018392086832,0.320621942779568,0.628388483029324,0.627514143312359,0.628388483029324,0.037162223162617,0.538287630724121,0.628388483029324,0.622802133445928,0.528189630529317,0.623413549090402,0.623413549090402,0.623413549090402,0.3969334713954,0.622131345977484,0.621419546395686,0.627531509980053,0.324177133068365,0.481348759081315,0.617948045359476,0.623235015208369,0.628388483029324,0.628388483029324,0.628388483029324,0.620910164067192,0.62092281717902,0.627528576770288,0.0244797909843901,0.628018392086832,0.628388483029324,0.627440688738855,0.622907967890708,0.627631679221412,0.628043756926627,0.00362795978648687,0.483697935862441,0.628388483029324,0.49013587435384,0.623413549090402,0.628388483029324,0.628388483029324,0.627525473702231,0.591208012390379,0.623956823695387,0.628388483029324
"C_IA043_18",0.629352757856611,0.627967532773253,0.632081958533366,0.835027786623255,0.538287630724121,0.629492962666192,0.632081958533366,0.629828747575062,0.628906599952613,0.538287630724121,0.629492962666192,0.538287630724121,0.629417636044288,0.627658786506531,0.62825100070736,0.815601845631637,0.62590188613477,0.86138669774923,0.580113583531385,0.6510364709821,0.623852012167826,0.0300606407253715,0.350257791875207,0.0300606407253715,0.316565477743635,0.0308637390733625,0.627568683433454,0.0308637390733625,0.538287630724121,0.316565477743635,0.0308637390733625,0.0303953827382695,0.0846986579429962,0.0308637390733625,0.0308637390733625,0.0308637390733625,0.00851821565577282,0.0308637390733625,0.0303953827382695,0.627825112385376,0.62590188613477,0.0308637390733625,0.515633777455798,0.631960596178398,0.0308637390733625,0.0308637390733625,0.0308637390733625,0.0300606407253715,0.626817881839704,0.628076680218846,0.630537598528386,0.0300606407253715,0.0308637390733625,0.335700525610802,0.0811071769776971,0.631884054796999,0.0811071769776971,0.62794954223797,0.0314523296714587,0.0308637390733625,0.0831813927198453,0.0308637390733625,0.0308637390733625,0.0308637390733625,0.627967532773253,0.485822020909195,0.0831813927198453,0.0308637390733625
"C_IA044_18",0.627527065547331,0.619760105714103,0.627536096907086,0.627873845278333,0.479482004121334,0.627530414971185,0.627690978317627,0.627528386189094,0.627576811351477,0.479482004121334,0.627529357140113,0.622805763572892,0.627526272233024,0.62857137687656,0.627538331504375,0.874904145276652,0.026281283238874,0.629003881357588,0.255439819125826,0.641982069418538,0.0627352414314917,0.0375391530731318,0.635338156173945,0.0375391530731318,0.355408893556875,0.0373288479990702,0.619103649750475,0.0373288479990702,0.628388483029324,0.0308637390733625,0.0373288479990702,0.037686392307885,0.0547127767798528,0.0373580122847085,0.0373580122847085,0.0373580122847085,0.365587578694967,0.0373514199885315,0.0376687723704039,0.626801018624138,0.0259393919257941,0.0373845240594412,0.0550484445527445,0.0545074955408156,0.0373288479990702,0.0373288479990702,0.0373288479990702,0.0375901302469562,0.619480810086866,0.619693455692463,0.0236756312497031,0.0375391530731318,0.0373288479990702,0.0124765497090308,0.0403659166185702,0.614683863703157,0.0402953761395422,0.482871997148496,0.0374345145509212,0.0373288479990702,0.0401297683098079,0.0373580122847085,0.0373288479990702,0.0373288479990702,0.619555945846413,0.213333098045933,0.0401013738621424,0.0373288479990702
